# name: debug
# type: sparse matrix
# nnz: 252
# rows: 42
# columns: 42

1 1 0.00077311344
2 1 2.20043413e-09
3 1 -5.74186743e-09
4 1 1.12430598e-09
5 1 0.0134093677
6 1 0.00102807845
1 2 2.20043413e-09
2 2 0.000773113659
3 2 6.77377443e-08
4 2 -0.0149173318
5 2 7.9933072e-05
6 2 -0.000511529897
1 3 -5.74186743e-09
2 3 6.77377443e-08
3 3 0.00077246712
4 3 -0.00102807191
5 3 0.00102288372
6 3 3.61812171e-09
1 4 1.12430598e-09
2 4 -0.0149173318
3 4 -0.00102807191
4 4 0.568781668
5 4 0.00331978176
6 4 -0.00971284123
1 5 0.0134093677
2 5 7.9933072e-05
3 5 0.00102288372
4 5 0.00331978176
5 5 674.874251
6 5 1413.82044
1 6 0.00102807845
2 6 -0.000511529897
3 6 3.61812171e-09
4 6 -0.00971284123
5 6 1413.82044
6 6 25326.3958
7 7 0.000552949926
8 7 3.64399511e-09
9 7 -1.79315975e-08
10 7 -4.11318979e-10
11 7 0.00899589869
12 7 0.000633731963
7 8 3.64399511e-09
8 8 0.000552955655
9 8 3.52984273e-08
10 8 -0.0102728368
11 8 9.32361215e-05
12 8 0.000181267969
7 9 -1.79315975e-08
8 9 3.52984273e-08
9 9 0.000552580528
10 9 -0.000633731137
11 9 -0.000361984108
12 9 -2.37202702e-09
7 10 -4.11318979e-10
8 10 -0.0102728368
9 10 -0.000633731137
10 10 0.353886837
11 10 0.00431485471
12 10 -0.0307801919
7 11 0.00899589869
8 11 9.32361215e-05
9 11 -0.000361984108
10 11 0.00431485471
11 11 492.094873
12 11 610.427899
7 12 0.000633731963
8 12 0.000181267969
9 12 -2.37202702e-09
10 12 -0.0307801919
11 12 610.427899
12 12 18078.1798
13 13 0.000583671249
14 13 2.55426962e-09
15 13 -2.66143729e-09
16 13 -7.95995447e-09
17 13 0.00901188851
18 13 0.000596462792
13 14 2.55426962e-09
14 14 0.000583676278
15 14 2.82913675e-08
16 14 -0.0105923061
17 14 7.67141735e-05
18 14 0.00108853517
13 15 -2.66143729e-09
14 15 2.82913675e-08
15 15 0.000583336265
16 15 -0.000596456222
17 15 -0.00217762773
18 15 -2.2151897e-09
13 16 -7.95995447e-09
14 16 -0.0105923061
15 16 -0.000596456222
16 16 0.349092397
17 16 0.00343744151
18 16 -0.0293740573
13 17 0.00901188851
14 17 7.67141735e-05
15 17 -0.00217762773
16 17 0.00343744151
17 17 419.829596
18 17 966.135186
13 18 0.000596462792
14 18 0.00108853517
15 18 -2.2151897e-09
16 18 -0.0293740573
17 18 966.135186
18 18 18213.8881
19 19 0.000476158442
20 19 6.72921798e-10
21 19 -1.04309947e-08
22 19 -4.28849489e-09
23 19 0.00710569321
24 19 0.000308443656
19 20 6.72921798e-10
20 20 0.000476157402
21 20 1.06567768e-08
22 20 -0.00842045905
23 20 2.8530827e-05
24 20 0.00149902926
19 21 -1.04309947e-08
20 21 1.06567768e-08
21 21 0.000475993498
22 21 -0.000308449249
23 21 -0.00299759807
24 21 1.68235842e-09
19 22 -4.28849489e-09
20 22 -0.00842045905
21 22 -0.000308449249
22 22 0.249101738
23 22 0.00177426117
24 22 -0.0294174636
19 23 0.00710569321
20 23 2.8530827e-05
21 23 -0.00299759807
22 23 0.00177426117
23 23 395.610257
24 23 1643.38458
19 24 0.000308443656
20 24 0.00149902926
21 24 1.68235842e-09
22 24 -0.0294174636
23 24 1643.38458
24 24 15967.1506
25 25 0.000696310816
26 25 1.09667285e-09
27 25 -2.580407e-09
28 25 -2.79106871e-09
29 25 0.0151448631
30 25 0.00119321805
25 26 1.09667285e-09
26 26 0.000696309867
27 26 7.6226172e-08
28 26 -0.0166131656
29 26 0.000127026369
30 26 0.00149841219
25 27 -2.580407e-09
26 27 7.6226172e-08
27 27 0.000695522721
28 27 -0.00119321842
29 27 -0.00299759917
30 27 1.31394423e-09
25 28 -2.79106871e-09
26 28 -0.0166131656
27 28 -0.00119321842
28 28 0.7052744
29 28 0.00508175886
30 28 -0.0391958615
25 29 0.0151448631
26 29 0.000127026369
27 29 -0.00299759917
28 29 0.00508175886
29 29 450.307586
30 29 1690.47179
25 30 0.00119321805
26 30 0.00149841219
27 30 1.31394423e-09
28 30 -0.0391958615
29 30 1690.47179
30 30 20836.4211
31 31 0.00158407328
32 31 0.00122109203
33 31 0.00067613909
34 31 -0.0035358318
35 31 0.0129041582
36 31 -0.00288158482
31 32 0.00122109203
32 32 0.00154036161
33 32 0.000750867279
34 32 -0.0119842032
35 32 0.00566252701
36 32 -0.00189099685
31 33 0.00067613909
32 33 0.000750867279
33 33 0.000397107427
34 33 -0.00215129542
35 33 -0.00250967464
36 33 -0.00122240043
31 34 -0.0035358318
32 34 -0.0119842032
33 34 -0.00215129542
34 34 0.272646007
35 34 -0.0302802588
36 34 -0.0289977496
31 35 0.0129041582
32 35 0.00566252701
33 35 -0.00250967464
34 35 -0.0302802588
35 35 345.206952
36 35 1375.65433
31 36 -0.00288158482
32 36 -0.00189099685
33 36 -0.00122240043
34 36 -0.0289977496
35 36 1375.65433
36 36 17152.7213
37 37 0.000839665753
38 37 5.9924706e-09
39 37 -2.88727051e-08
40 37 9.88471527e-11
41 37 0.0213632503
42 37 0.00196108629
37 38 5.9924706e-09
38 38 0.000839666417
39 38 1.06992004e-07
40 38 -0.0232991292
41 38 0.000323476264
42 38 0.00202933338
37 39 -2.88727051e-08
38 39 1.06992004e-07
39 39 0.00083859217
40 39 -0.00196109293
41 39 -0.00405812416
42 39 -2.71262403e-09
37 40 9.88471527e-11
38 40 -0.0232991292
39 40 -0.00196109293
40 40 1.03392118
41 40 0.0120440414
42 40 -0.074431344
37 41 0.0213632503
38 41 0.000323476264
39 41 -0.00405812416
40 41 0.0120440414
41 41 673.281389
42 41 2497.36668
37 42 0.00196108629
38 42 0.00202933338
39 42 -2.71262403e-09
40 42 -0.074431344
41 42 2497.36668
42 42 23916.8155
